12427
5982
27368
24426
4306
407
7275
19566
23002
23915
15003
546
12529
23495
12969
25100
14052
19958
27593
27293
32253
22456
22117
11359
27752
9044
3779
26224
6724
30006
15995
23852
8938
2774
30127
4989
14836
6863
21766
25468
6760
26223
32625
26243
3193
4630
23256
23224
27492
22309
17975
18109
15854
30022
30180
16316
8351
23366
25353
1439
8005
27637
34
5668
31119
5003
5052
7302
17667
25809
31019
26948
5287
28644
14331
18691
4494
21616
24919
27474
11117
18565
19725
14355
24319
4096
29872
25391
10716
9201
6002
28181
5246
8872
5831
18009
5912
9414
17893
9450
4447
2427
16815
659
27694
22257
25251
23583
12850
28667
24278
12831
496
20814
11289
28563
31280
18258
25192
22141
24480
27254
29214
8541
14723
13051
11182
26712
